0.5772071 83 44 3 0 0.033130016 5
0.51428574 87 42 1 0 0.03454844 2
0.56431746 82 44 3 0 0.02952381 5
0.39156145 70 23 1 1 0.021528238 F
0.38339496 71 22 1 1 0.022521008 F
0.38292682 71 21 1 1 0.021045296 F
0.5 87 39 0 0 0.035428572 0
0.5045503 84 39 3 0 0.033580247 5
0.471777 78 41 0 0 0.04 9
0.5886403 87 40 0 2 0.031944923 N
0.4919414 86 38 0 0 0.038315017 X
0.39087108 87 31 0 0 0.03142857 C
0.44239858 86 48 1 1 0.037954144 4
0.38581756 85 49 0 0 0.036901895 3
0.453 84 37 2 0 0.03642857 5
0.40663138 89 47 0 0 0.037742503 3
0.42397213 86 31 0 1 0.03630662 K
0.42542857 90 37 0 0 0.038928572 G
0.48185328 85 36 0 0 0.036525097 0
0.46586466 79 36 2 0 0.033458646 5
0.37413126 77 36 1 0 0.03907336 2
0.43253332 83 37 0 0 0.03870476 S
0.55003864 81 34 2 1 0.04030888 B
0.4879238 80 36 1 1 0.042361904 D
0.590626 86 44 0 0 0.041605137 8
0.49044335 76 44 0 0 0.037898194 9
0.5042857 96 41 1 0 0.03675325 6
0.56693417 81 40 2 1 0.033451043 R
0.4352381 82 30 2 1 0.022285715 E
0.6253061 86 45 0 2 0.028759811 N
0.30292207 62 49 1 0 0.024285715 7
0.2910345 63 49 1 0 0.024696223 7
0.30524915 64 48 1 0 0.024850499 7
0.4052545 67 34 2 1 0.02771757 P
0.4979402 80 39 1 1 0.036079735 R
0.47027916 86 42 0 0 0.036453202 X
0.58148354 90 45 0 0 0.03785714 G
0.6438509 82 41 1 1 0.040559005 R
0.74344623 87 47 0 2 0.02945508 N
0.64869046 87 47 1 0 0.031309523 0
0.69996715 86 43 3 0 0.03737274 8
0.548127 86 42 1 0 0.033650793 2
0.73833025 83 37 1 2 0.025974026 M
0.68887216 85 36 3 1 0.032481205 B
0.57860804 88 36 2 0 0.034871794 G
0.5756556 86 35 2 0 0.03592955 0
0.55499023 76 37 2 0 0.038356163 9
0.7356614 84 16 1 1 0.035767198 1
0.3215947 63 49 1 0 0.024584718 7
0.65481484 80 17 1 1 0.035343915 1
0.45924467 82 41 2 0 0.034351397 5
0.44672695 87 38 1 0 0.045714285 A
0.43382594 71 37 0 1 0.03901478 R
0.35053763 64 43 1 1 0.04362519 D
0.37401992 85 33 0 0 0.03076412 C
0.48134455 85 41 2 1 0.038319327 D
0.30346218 65 47 1 0 0.025142858 7
0.71746033 84 16 1 1 0.035978835 1
0.32631934 65 46 1 0 0.02487395 7
0.39791596 87 42 1 0 0.03670588 2
0.53849626 88 37 0 0 0.03879699 X
0.59420633 92 33 1 0 0.045 Q
0.5275188 85 37 2 0 0.027593985 Z
0.5004305 90 43 1 1 0.03733855 4
0.74857146 83 18 1 1 0.03170507 1
0.73290324 81 18 1 1 0.03170507 1
0.75023043 83 18 1 1 0.031520735 1
0.36571428 68 43 1 1 0.024126984 T
0.37453967 68 44 1 1 0.023428572 T
0.5101075 69 36 2 1 0.02390169 P
0.5965577 87 38 2 1 0.03910499 B
0.30829933 62 41 1 1 0.02557823 T
0.44633391 86 47 1 0 0.036626507 3
0.501164 80 41 0 0 0.040987656 9
0.6064903 86 40 2 0 0.04352734 8
0.54414964 86 40 2 1 0.035918366 D
0.4717175 86 54 1 1 0.036083467 4
0.4856501 97 41 0 0 0.03730337 6
0.70502466 82 18 1 1 0.033103447 2
0.50797343 92 44 0 0 0.03986711 A
0.54351395 84 35 0 1 0.03277504 K
0.4678179 85 44 0 0 0.03679749 S
0.73833025 83 37 1 2 0.025974026 M
0.68887216 85 36 3 1 0.032481205 B
0.57860804 88 36 2 0 0.034871794 G
0.5756556 86 35 2 0 0.03592955 0
0.55499023 76 37 2 0 0.038356163 9
0.7356614 84 16 1 1 0.035767198 1
0.5257143 92 39 1 0 0.03809524 A
0.5207309 93 40 1 0 0.03760797 A
0.52440065 87 42 1 0 0.033037767 0
0.6265353 86 43 1 0 0.04045977 8
0.49348837 88 43 1 0 0.03475083 2
0.64203614 86 42 0 2 0.02909688 N
0.6090416 84.0 32.0 0.0 1.0 0.033490054 K 
0.47965157 67.0 30.0 2.0 1.0 0.026132405 P 
0.55762523 83.0 31.0 0.0 1.0 0.0342115 K 
0.73510206 82.0 16.0 1.0 1.0 0.033469386 1 
0.48664287 89.0 46.0 1.0 0.0 0.038214285 3 
0.53831327 76.0 43.0 0.0 0.0 0.035318416 9 
0.5946939 86.0 34.0 0.0 0.0 0.036734693 X 
0.32084942 100.0 15.0 1.0 1.0 0.016370656 L 
0.4909589 78.0 23.0 2.0 1.0 0.022387475 E 
0.50531745 77.0 34.0 2.0 0.0 0.035873014 2 
0.6864596 82.0 14.0 1.0 1.0 0.04149068 1 
0.549234 77.0 36.0 2.0 0.0 0.038509317 9 
0.606405 84.0 43.0 3.0 0.0 0.03799058 5 
0.3809091 66.0 47.0 1.0 0.0 0.02422078 7 
0.3900157 67.0 44.0 1.0 1.0 0.022857143 T 
0.48509318 87.0 37.0 1.0 0.0 0.0289441 C 
0.3831711 66.0 45.0 1.0 1.0 0.028257458 T 
0.49827316 68.0 35.0 2.0 1.0 0.029576138 P 
0.66266876 86.0 44.0 0.0 2.0 0.024929356 N 
0.54260594 90.0 42.0 1.0 0.0 0.03309262 G 
0.5388633 88.0 44.0 0.0 0.0 0.03139785 0 
0.56479263 86.0 46.0 1.0 0.0 0.033056837 0 
0.5431677 87.0 45.0 1.0 0.0 0.031490684 0 
0.5304159 88.0 36.0 1.0 1.0 0.040650994 B 
0.5565714 86.0 36.0 3.0 1.0 0.04042857 B 
0.48724738 89.0 38.0 1.0 0.0 0.035470385 G 
0.56692857 87.0 38.0 1.0 0.0 0.042642858 8 
0.5062021 89.0 48.0 1.0 1.0 0.034843206 4 
0.3689501 68.0 42.0 1.0 0.0 0.02464716 7 
0.49094665 87.0 39.0 1.0 0.0 0.03524957 2 
0.5235374 88.0 48.0 1.0 1.0 0.0322449 4 
0.6988571 81.0 18.0 1.0 1.0 0.031809524 1 
0.45211703 86.0 27.0 2.0 1.0 0.022375215 E 
0.5707857 84.0 32.0 0.0 1.0 0.032571428 K 
0.58871794 91.0 39.0 1.0 0.0 0.03978022 A 
0.52148145 94.0 38.0 1.0 0.0 0.03851852 6 
0.46278292 75.0 38.0 1.0 0.0 0.035027828 2 
0.53849626 94.0 36.0 1.0 0.0 0.03706767 6 
0.45513916 78.0 37.0 2.0 0.0 0.03710575 2
0.5404952 79.0 39.0 1.0 0.0 0.03809524 9
0.40163267 80.0 30.0 2.0 0.0 0.029907236 C
0.52252316 71.0 26.0 2.0 1.0 0.020630797 F 
0.6210526 89.0 34.0 3.0 0.0 0.036992483 6 
0.47037593 67.0 40.0 1.0 0.0 0.025488721 7 
0.56133074 87.0 41.0 2.0 0.0 0.03663405 3 
0.4350685 65.0 40.0 1.0 0.0 0.02778865 7 
0.61729944 90.0 33.0 3.0 0.0 0.03710372 6 
0.24300145 63.0 58.0 1.0 0.0 0.031226551 7
0.24312782 64.0 54.0 1.0 0.0 0.03338346 7
0.3180547 87.0 57.0 0.0 0.0 0.045349546 3
0.3432967 87.0 45.0 0.0 0.0 0.046279434 X
0.3493617 88.0 42.0 0.0 0.0 0.04881459 G
0.23416542 101.0 68.0 0.0 0.0 0.03218045 J
0.23883256 79.0 36.0 0.0 0.0 0.039815668 C
0.23322982 64.0 26.0 1.0 1.0 0.035031054 F
0.3777573 83.0 46.0 0.0 0.0 0.0556682 8
0.29819876 86.0 45.0 0.0 0.0 0.05204969 0
0.3181567 84.0 55.0 1.0 0.0 0.04061444 4
0.28251177 81.0 45.0 0.0 0.0 0.046153847 S
0.42515463 85.0 48.0 1.0 0.0 0.05083947 D
0.2522888 59.0 46.0 1.0 0.0 0.031274963 T
0.40288785 85.0 46.0 0.0 0.0 0.050445467 0
0.24419452 61.0 53.0 1.0 0.0 0.032036476 7
0.255361 61.0 53.0 1.0 0.0 0.03268817 7
0.37357143 66.0 38.0 2.0 1.0 0.043214284 P
0.5216842 84.0 45.0 2.0 0.0 0.033082705 5
0.51490015 86.0 55.0 1.0 1.0 0.033794165 4
0.52204967 82.0 45.0 2.0 0.0 0.033664595 2
0.5340373 83.0 46.0 0.0 0.0 0.036335405 S
0.5507692 86.0 41.0 0.0 1.0 0.038492937 B
0.55775076 81.0 45.0 0.0 2.0 0.049483284 W
0.52732146 76.0 47.0 1.0 0.0 0.036130954 7
0.5314286 70.0 51.0 1.0 0.0 0.03193985 7
0.5206687 85.0 54.0 2.0 0.0 0.032401215 3
0.5448254 86.0 45.0 0.0 0.0 0.037777778 X
0.52739847 89.0 44.0 1.0 0.0 0.032962404 G
0.495076 90.0 59.0 1.0 1.0 0.025471125 J
0.552462 86.0 47.0 0.0 0.0 0.045227963 8
0.51477724 83.0 53.0 2.0 0.0 0.030414747 3
0.527512 95.0 43.0 1.0 0.0 0.035826646 6
0.52025115 87.0 42.0 1.0 0.0 0.034285713 G
0.54662615 92.0 45.0 0.0 2.0 0.043829788 W
0.52541035 89.0 44.0 1.0 0.0 0.035987843 G
0.38542536 81.0 35.0 0.0 0.0 0.030561797 C
0.39027357 81.0 31.0 2.0 1.0 0.02674772 E
0.35815668 59.0 52.0 1.0 0.0 0.022918588 7
0.41968253 75.0 46.0 0.0 0.0 0.04120635 9
0.45752382 82.0 44.0 0.0 0.0 0.053396825 8
0.45117462 84.0 38.0 0.0 1.0 0.04679365 B
0.3519643 63.0 54.0 1.0 0.0 0.023988096 7
0.35404256 63.0 53.0 1.0 0.0 0.023951368 7
0.41215804 87.0 55.0 0.0 0.0 0.036048632 3
0.42438096 86.0 45.0 0.0 0.0 0.039873015 X
0.42381954 88.0 43.0 0.0 0.0 0.037233084 G
0.34869432 105.0 64.0 0.0 1.0 0.018863287 J
0.40854198 90.0 49.0 1.0 0.0 0.042002946 2
0.4604329 81.0 20.0 1.0 1.0 0.06683983 1
0.41234043 97.0 46.0 0.0 0.0 0.043647416 6
0.3592857 65.0 29.0 1.0 1.0 0.025714286 F
0.40818045 69.0 38.0 2.0 1.0 0.038075186 P
0.41166666 68.0 39.0 2.0 1.0 0.038809523 P
0.39503106 84.0 37.0 0.0 0.0 0.035093166 C
0.36915514 62.0 27.0 1.0 1.0 0.023533026 F
0.45042387 80.0 46.0 0.0 0.0 0.050926216 8
0.42285714 85.0 45.0 0.0 0.0 0.045341615 0
0.40344086 85.0 55.0 1.0 1.0 0.037296467 4
0.41839874 82.0 45.0 0.0 0.0 0.04200942 S
0.4381955 82.0 47.0 1.0 1.0 0.04481203 D
0.34150538 56.0 46.0 1.0 1.0 0.022427035 T
0.429063 85.0 45.0 0.0 0.0 0.036989246 0
0.35496894 59.0 49.0 1.0 0.0 0.023354037 7
0.35604396 59.0 50.0 1.0 0.0 0.02310832 7
0.41100305 66.0 37.0 2.0 1.0 0.028145896 P
0.39256528 85.0 36.0 0.0 0.0 0.03047619 C
0.4597235 84.0 47.0 0.0 2.0 0.05419355 N
0.41372672 89.0 46.0 1.0 0.0 0.036956523 2
0.41040602 86.0 56.0 0.0 0.0 0.038075186 3
0.46052226 84.0 46.0 0.0 0.0 0.053947773 8
0.4425532 78.0 41.0 0.0 1.0 0.050516717 R
0.4578802 72.0 20.0 1.0 1.0 0.070414744 1
0.43496895 84.0 45.0 0.0 0.0 0.038757764 0
0.45669842 83.0 45.0 0.0 0.0 0.05568254 8
0.424427 85.0 44.0 0.0 0.0 0.04087912 S
0.40428573 83.0 44.0 0.0 0.0 0.0368323 V
0.4078797 65.0 38.0 2.0 1.0 0.03512782 P
0.42207792 90.0 44.0 1.0 0.0 0.04116883 A
0.4256508 95.0 42.0 0.0 0.0 0.040507935 6
0.4075595 86.0 57.0 0.0 0.0 0.03511905 3
0.45525837 87.0 45.0 0.0 0.0 0.04942249 8
0.34992635 62.0 28.0 1.0 1.0 0.017496318 F
0.45835868 86.0 47.0 0.0 0.0 0.05294833 8
0.39869565 84.0 54.0 0.0 0.0 0.0357764 3
0.42028892 96.0 42.0 0.0 0.0 0.040577848 6
0.42850864 87.0 41.0 0.0 0.0 0.038367346 G
0.40884793 88.0 43.0 0.0 0.0 0.040798772 G
0.43360984 85.0 45.0 0.0 0.0 0.049769584 0
0.42596275 80.0 43.0 2.0 0.0 0.049751554 5
0.45294118 76.0 21.0 1.0 1.0 0.06504202 1
0.413617 86.0 47.0 0.0 0.0 0.04212766 S
0.39173913 84.0 36.0 0.0 0.0 0.029813664 C
0.5124595 81.0 47.0 0.0 2.0 0.05036819 M
0.4577207 76.0 36.0 2.0 0.0 0.02600321 C
0.4368997 81.0 32.0 2.0 1.0 0.024255319 E
0.4286329 57.0 51.0 1.0 0.0 0.021935483 7
0.4753016 75.0 46.0 0.0 0.0 0.038666666 9
0.5218413 84.0 44.0 0.0 0.0 0.046603173 8
0.51244444 83.0 39.0 0.0 1.0 0.040126983 B
0.4689838 89.0 49.0 1.0 0.0 0.035817377 2
0.5406061 81.0 21.0 1.0 1.0 0.06199134 1
0.47106382 96.0 46.0 0.0 0.0 0.040547114 6
0.41988096 63.0 31.0 1.0 1.0 0.0225 F
0.470797 68.0 39.0 2.0 1.0 0.032481205 P
0.47035715 67.0 39.0 2.0 1.0 0.028630953 P
0.4200635 93.0 43.0 0.0 0.0 0.041650794 A
0.43167174 86.0 46.0 0.0 0.0 0.043465044 S
0.4292401 86.0 47.0 0.0 0.0 0.04924012 0
0.43852535 83.0 45.0 2.0 0.0 0.045529954 5
0.42549923 96.0 44.0 0.0 0.0 0.043870967 6
0.38565218 95.0 25.0 1.0 1.0 0.019254658 L